9.999017119407653809e-01,5.211447365581989288e-03,1.301696244627237320e-02,-2.175791421905159950e-03
-5.236606113612651825e-03,9.999845027923583984e-01,1.899420982226729393e-03,-2.461418509483337402e-03
-1.300686132162809372e-02,-1.967398915439844131e-03,9.999135136604309082e-01,2.151217777281999588e-04
0.000000000000000000e+00,0.000000000000000000e+00,0.000000000000000000e+00,1.000000000000000000e+00
