9.998883008956909180e-01,7.513016927987337112e-03,1.291875261813402176e-02,-2.150297630578279495e-03
-7.544692140072584152e-03,9.999686479568481445e-01,2.404880011454224586e-03,-2.417415846139192581e-03
-1.290027890354394913e-02,-2.502079354599118233e-03,9.999136924743652344e-01,3.934593405574560165e-04
0.000000000000000000e+00,0.000000000000000000e+00,0.000000000000000000e+00,1.000000000000000000e+00
